Mean-Period = 98.5477384135994
Mean-Floquet = -1.8977290789720564
