Mean-Period = 6.283185308482801
Mean-Floquet = -0.6969776676664494
