Mean-Period = 13.062117491963372
Mean-Floquet = -1.8977290789720564
