Mean-Period = 6.283185308482801
Mean-Floquet = -1.8977287526382352
